0.0807476
0.080617
0.121549
0.142553
0.134843
0.119
0.135031
0.160753
0.151506
0.138463
0.109312
0.0960469
0.0888057
0.0763139
0.0476475
0.0520222
0.0672635
0.0807391
0.074134
0.0758641
0.0711427
0.0727852
0.0717035
0.0724682
0.0689063
0.0724149
0.0696578
0.0698823
0.0802937
0.0753893
0.0864677
0.0824929
0.0799696
0.0827208
0.0843536
0.0909121
0.0818928
0.0796145
0.0851735
0.0616422
0.0609552
0.0615286
0.0607776
0.0581081
0.0450509
0.0474993
0.041574
0.0345787
0.0443271
0.0422707
0.0336539
