0.0807472
0.0810769
0.142853
0.147985
0.129613
0.134558
0.13401
0.140898
0.130888
0.109952
0.113561
0.1055
0.0670275
0.074049
0.0838544
0.0728518
0.0855602
0.0780464
0.0910882
0.0975608
0.0883224
0.0891235
0.107552
0.0926728
0.0970382
0.096668
0.0824447
0.0797519
0.0802429
0.0819794
0.0707961
0.0779291
0.0924908
0.0984773
0.0837906
0.078176
0.0578462
0.0591819
0.0834591
0.0746067
0.06532
0.0753955
0.0846725
0.0737607
0.0969753
0.074243
0.085683
0.0857264
0.0745734
0.0773372
0.0954435
