0.0807461	0.0807465	0.0807456	0.0807462	0.0807463	0.0807464	0.0807463	0.0807459	0.0807476	0.0807471	0.0807456	0.0807473	0.0807464	0.0807476	0.0807472	0.0807464	0.0807476	0.0807475	0.0807484	0.0807485	0.0807472	0.0807455	0.0807476	0.0807481	0.0807476	0.0807479	0.0807475	0.0807466	0.0807465	0.0807485	0.080747	0.0807473	0.0807463	0.0807478	0.0807463	0.0807472	0.0807464	0.0807463	0.0807471	0.0807467	0.0807444	0.0807469	0.0807461	0.0807465	0.0807467	0.0807461	0.0807453	0.080745	0.0807458	0.0807456	0.0807459
0.080166	0.0801716	0.080191	0.0802635	0.0801556	0.0802218	0.0805361	0.080577	0.080617	0.0804167	0.080631	0.0805267	0.080073	0.0803669	0.0802171	0.0807246	0.080035	0.0807964	0.080597	0.0807127	0.0809281	0.0803807	0.0808238	0.0803134	0.0809135	0.0805545	0.0812464	0.0806444	0.0804454	0.0808163	0.0801541	0.0808469	0.0812877	0.0806639	0.0819727	0.0810769	0.0845295	0.0841385	0.0829558	0.0804785	0.0804144	0.0847236	0.0864253	0.0830383	0.0872277	0.0845581	0.080774	0.0850276	0.0843697	0.0837075	0.0821807
0.113448	0.0831913	0.113157	0.106448	0.127126	0.118537	0.120528	0.123804	0.121549	0.123147	0.119717	0.124931	0.127609	0.128514	0.125123	0.133583	0.12803	0.146537	0.139922	0.145415	0.137638	0.139187	0.125324	0.136215	0.1377	0.145685	0.150926	0.133344	0.139344	0.131688	0.147457	0.138843	0.131264	0.134727	0.142846	0.142853	0.148503	0.144434	0.14168	0.155395	0.151692	0.141862	0.138738	0.149713	0.14373	0.148012	0.13687	0.140749	0.134165	0.132266	0.139894
0.143307	0.148629	0.145309	0.151321	0.145034	0.14107	0.141515	0.137134	0.142553	0.138335	0.151212	0.137806	0.138303	0.133275	0.145085	0.139818	0.148824	0.153481	0.149439	0.149458	0.144442	0.134942	0.14426	0.136079	0.141481	0.140519	0.137377	0.145199	0.130592	0.132219	0.137237	0.135222	0.135753	0.143244	0.149286	0.147985	0.141263	0.146696	0.125671	0.146162	0.139844	0.129714	0.138452	0.128188	0.143915	0.133155	0.13368	0.141739	0.135765	0.145854	0.136434
0.162939	0.152501	0.146232	0.14654	0.142266	0.141822	0.136961	0.142021	0.134843	0.131774	0.13167	0.137953	0.137264	0.140909	0.125889	0.134167	0.134849	0.131999	0.122546	0.139769	0.138014	0.125982	0.131831	0.129632	0.129378	0.133757	0.124418	0.132384	0.133917	0.133002	0.136081	0.125307	0.133187	0.138616	0.133539	0.129613	0.133014	0.137267	0.138804	0.142663	0.132399	0.129163	0.129997	0.131229	0.127184	0.13524	0.118028	0.133489	0.122494	0.135918	0.129128
0.149224	0.129519	0.130418	0.126628	0.128333	0.129493	0.120401	0.125774	0.119	0.119567	0.125213	0.122831	0.120974	0.124362	0.126783	0.132676	0.128239	0.119755	0.128813	0.128937	0.130319	0.135139	0.133633	0.126549	0.128533	0.134437	0.129178	0.146752	0.128641	0.138667	0.143503	0.122953	0.131277	0.128333	0.142048	0.134558	0.146623	0.126555	0.145705	0.151786	0.132177	0.137852	0.139496	0.127666	0.132977	0.153238	0.133662	0.134039	0.133324	0.149459	0.125547
0.145184	0.13295	0.132837	0.141236	0.144883	0.14439	0.131539	0.144649	0.135031	0.136166	0.140839	0.137852	0.137753	0.139064	0.137393	0.145225	0.131565	0.129617	0.134534	0.13542	0.144024	0.133352	0.147456	0.128839	0.149765	0.153713	0.136065	0.129911	0.145773	0.144048	0.139333	0.14009	0.143501	0.148799	0.147664	0.13401	0.141336	0.145359	0.135904	0.137478	0.147059	0.150789	0.139467	0.146186	0.150303	0.161825	0.132026	0.134876	0.139896	0.13601	0.139828
0.141353	0.147379	0.158975	0.153217	0.155893	0.158754	0.155396	0.157308	0.160753	0.155124	0.158017	0.146603	0.148827	0.151324	0.143948	0.158051	0.152266	0.146928	0.144719	0.149303	0.156078	0.146007	0.139236	0.14536	0.151746	0.13609	0.156289	0.14323	0.138968	0.133318	0.15848	0.151509	0.146158	0.143675	0.153788	0.140898	0.151747	0.147005	0.14016	0.136074	0.152638	0.153154	0.135338	0.142661	0.14477	0.154362	0.153242	0.147396	0.156008	0.142962	0.153566
0.140074	0.16445	0.162834	0.164001	0.158554	0.151944	0.151338	0.148336	0.151506	0.149259	0.140601	0.150777	0.150882	0.150249	0.131144	0.147659	0.140866	0.135824	0.149906	0.136921	0.130135	0.146927	0.152861	0.125577	0.13868	0.144603	0.134895	0.14782	0.148118	0.136379	0.133275	0.128654	0.145265	0.138051	0.146051	0.130888	0.134985	0.130852	0.145473	0.13495	0.134586	0.126669	0.130315	0.141437	0.131862	0.116808	0.143003	0.126191	0.138006	0.126711	0.143985
0.153394	0.148539	0.145707	0.143574	0.134562	0.13746	0.134631	0.122162	0.138463	0.134814	0.126686	0.122484	0.124396	0.129221	0.120969	0.129186	0.118358	0.127863	0.119091	0.123179	0.117913	0.118187	0.109043	0.118678	0.128888	0.127492	0.131843	0.119612	0.134494	0.122083	0.112948	0.109022	0.113507	0.127621	0.111812	0.109952	0.112714	0.101313	0.12825	0.108934	0.115092	0.127856	0.122954	0.119295	0.120628	0.124297	0.119579	0.124502	0.112171	0.141132	0.129164
0.142186	0.132303	0.131394	0.13198	0.127582	0.12229	0.121042	0.115203	0.109312	0.109346	0.110071	0.11761	0.114824	0.110076	0.112041	0.108509	0.110914	0.106138	0.105416	0.105906	0.102232	0.105638	0.113549	0.113575	0.115113	0.11401	0.111076	0.104226	0.108551	0.111481	0.126432	0.108806	0.117036	0.11134	0.104887	0.113561	0.0972949	0.118886	0.116544	0.117164	0.0930195	0.104756	0.105274	0.0924696	0.110407	0.109745	0.110409	0.1025	0.117017	0.107721	0.0913936
0.125193	0.117526	0.116089	0.109183	0.111211	0.108657	0.0921605	0.105181	0.0960469	0.110323	0.102051	0.104414	0.0922095	0.0827755	0.112323	0.0910373	0.106129	0.0958939	0.100038	0.128033	0.115107	0.0930533	0.0961457	0.0980183	0.10845	0.100935	0.0898035	0.088737	0.123457	0.091545	0.112566	0.0928115	0.0975825	0.092648	0.0745684	0.1055	0.10334	0.068745	0.110958	0.104529	0.0877226	0.0934831	0.0894257	0.084838	0.0879804	0.107212	0.0898844	0.103361	0.108322	0.0825274	0.0864592
0.099672	0.112518	0.111361	0.111637	0.10189	0.111898	0.0953656	0.0960308	0.0888057	0.0917541	0.0991425	0.0992074	0.0924547	0.0971271	0.0747241	0.0788142	0.0955836	0.0729329	0.0967655	0.102675	0.0990265	0.0936655	0.0939465	0.0897016	0.0948802	0.0860863	0.0952547	0.0898278	0.0795235	0.079446	0.0871548	0.0795808	0.0900186	0.0833081	0.0832964	0.0670275	0.0641342	0.0889402	0.0936104	0.0729395	0.0936702	0.0682965	0.073927	0.0986296	0.0962769	0.102417	0.0918991	0.0900293	0.085729	0.069902	0.0836021
0.106877	0.0992197	0.0904579	0.0827872	0.0882411	0.089146	0.0856086	0.0785721	0.0763139	0.0773805	0.0828073	0.0712895	0.07547	0.0808429	0.0799229	0.0743139	0.0662043	0.0749077	0.0745446	0.0768646	0.0834016	0.0676494	0.0686979	0.0523758	0.0626869	0.0628613	0.0603148	0.0790314	0.0795028	0.0727316	0.0646528	0.0738228	0.074202	0.0760598	0.079887	0.074049	0.0829235	0.0840597	0.0923446	0.0624749	0.0850305	0.0893899	0.0775169	0.0834211	0.0870649	0.0673625	0.106726	0.0982415	0.0606068	0.101729	0.0821167
0.0190853	0.02295	0.0239366	0.028795	0.037439	0.0376975	0.0358895	0.0407924	0.0476475	0.0675062	0.0510372	0.0572318	0.0674519	0.0517077	0.0661789	0.0636096	0.0571543	0.0564208	0.0655943	0.0778744	0.0587793	0.0565133	0.0659857	0.07669	0.0698661	0.0631647	0.0575837	0.0773936	0.0694074	0.0815896	0.0707465	0.0841535	0.0636385	0.0644225	0.0760487	0.0838544	0.0791041	0.0650546	0.0704457	0.0869648	0.0715413	0.0807537	0.0696349	0.0783286	0.0786182	0.0713008	0.0785304	0.0818918	0.0747084	0.0884176	0.0717036
0.0306457	0.0378653	0.0428606	0.0450044	0.0519459	0.0506519	0.0525344	0.0496808	0.0520222	0.0674999	0.0574554	0.0652654	0.0609164	0.0691511	0.0635214	0.0568347	0.0716329	0.0758206	0.0628367	0.0760548	0.0720333	0.0585939	0.067621	0.0777914	0.0685374	0.0776214	0.068922	0.076108	0.079825	0.0797585	0.0650026	0.0804872	0.0810834	0.0584079	0.0670158	0.0728518	0.0748202	0.075091	0.0658951	0.0872724	0.0712293	0.0887007	0.0764544	0.0841556	0.0901119	0.0737873	0.0830035	0.0927216	0.0770856	0.0886886	0.0785918
0.0373929	0.0623342	0.0621865	0.0599393	0.0657361	0.0656558	0.066833	0.0675933	0.0672635	0.0743432	0.079675	0.0756969	0.0758371	0.0711404	0.0748414	0.0724956	0.0801979	0.0739385	0.0812871	0.0794377	0.0740352	0.0796627	0.0794177	0.0841558	0.0902977	0.0848696	0.0758015	0.0855774	0.075842	0.0840934	0.0909567	0.072861	0.0825141	0.0884106	0.0931446	0.0855602	0.0748043	0.0751456	0.0880977	0.0781949	0.0862128	0.0781918	0.0801486	0.100442	0.0709355	0.0650536	0.099397	0.0869272	0.0831113	0.076491	0.0815565
0.0690877	0.0673402	0.0678457	0.0669432	0.0692516	0.0697245	0.0715897	0.0661478	0.0807391	0.0780932	0.0768555	0.0681981	0.077132	0.0750896	0.0815124	0.0791237	0.0819812	0.0868654	0.0827485	0.0891593	0.0837032	0.0809524	0.0863002	0.0722217	0.0940195	0.0864528	0.0796898	0.0917929	0.0869177	0.0868732	0.0659477	0.0765777	0.0843245	0.0790922	0.0815564	0.0780464	0.0853708	0.0782154	0.0930386	0.105071	0.0779958	0.0856642	0.0853329	0.0910014	0.0788085	0.0884043	0.109152	0.0808284	0.0990321	0.0641486	0.0855254
0.0703842	0.0693983	0.0682058	0.0693656	0.0693387	0.0689338	0.0759789	0.0714294	0.074134	0.083393	0.0785121	0.0854956	0.0800897	0.0770404	0.0751197	0.0825042	0.0874921	0.0839235	0.076301	0.076314	0.0888894	0.08581	0.0885489	0.0892155	0.0889673	0.0801682	0.0864419	0.0918888	0.0758156	0.0854561	0.0795922	0.0942917	0.091613	0.0851048	0.0777146	0.0910882	0.082123	0.0963699	0.070544	0.0885373	0.0873024	0.0899674	0.0840256	0.0875978	0.0740292	0.0844567	0.105176	0.0882667	0.0798974	0.0896303	0.0824681
0.0731537	0.072097	0.0711984	0.0721846	0.0691135	0.0696981	0.0716017	0.0745875	0.0758641	0.0728267	0.0862922	0.0760276	0.0806759	0.0793863	0.0740075	0.0761777	0.0771691	0.0846646	0.0911488	0.081026	0.0864718	0.089881	0.0791217	0.0890944	0.0877022	0.0837348	0.0911343	0.0920645	0.0858312	0.0997588	0.0838578	0.093192	0.0882594	0.0936223	0.0828198	0.0975608	0.083866	0.0785574	0.0972179	0.0931835	0.0899333	0.0937645	0.0796777	0.0881329	0.0783816	0.0806905	0.0874488	0.0882471	0.0873829	0.087387	0.0927978
0.0739921	0.0738308	0.0721514	0.0707463	0.0705163	0.0724731	0.0706281	0.0708816	0.0711427	0.0725031	0.0700314	0.0754868	0.0755446	0.0795699	0.0787103	0.0764823	0.0726021	0.0781707	0.0826985	0.0813778	0.0748974	0.0858189	0.0837333	0.0888123	0.0897354	0.082479	0.0916305	0.0792257	0.0893772	0.0745638	0.0851387	0.0899529	0.0889863	0.0869242	0.0923109	0.0883224	0.09095	0.0771907	0.0828709	0.0779082	0.100931	0.0991089	0.0820613	0.100819	0.0819422	0.0809309	0.0942719	0.0965807	0.0998311	0.079443	0.0935177
0.0752513	0.0754398	0.0724143	0.0729791	0.069427	0.0720691	0.0700785	0.0758509	0.0727852	0.0719414	0.0758056	0.0789616	0.0820084	0.0792572	0.0863911	0.0767317	0.078303	0.0779686	0.0745728	0.0714336	0.0737998	0.0849978	0.0961987	0.0853149	0.0796117	0.0951284	0.0811109	0.0844626	0.0855916	0.0835968	0.0816044	0.0864062	0.0780102	0.0854449	0.0887659	0.0891235	0.0958652	0.0924848	0.0866331	0.0806079	0.0884703	0.0932831	0.0894647	0.0766542	0.0816528	0.106233	0.0837684	0.0951386	0.0961639	0.0575215	0.0820697
0.0763846	0.075528	0.0728289	0.0715353	0.0722603	0.0687326	0.0707207	0.0717646	0.0717035	0.0735236	0.0767421	0.0773913	0.0783636	0.0714036	0.0780285	0.0856535	0.0819113	0.080106	0.0770835	0.0805505	0.0785662	0.079605	0.0784241	0.0858839	0.076158	0.0871876	0.084684	0.0895044	0.0853436	0.0909952	0.0755118	0.0901314	0.0800758	0.0895636	0.0929689	0.107552	0.093612	0.0940652	0.0900365	0.0838881	0.0893181	0.0861358	0.0700125	0.0767195	0.0998631	0.0878859	0.0830388	0.0871857	0.0662231	0.0866592	0.0998463
0.0751025	0.075862	0.0728376	0.0707405	0.0646906	0.0685145	0.0724778	0.0730847	0.0724682	0.0731847	0.0777442	0.078815	0.0809463	0.0727128	0.0862297	0.0835475	0.0899153	0.0797386	0.0816675	0.0868009	0.0821574	0.082416	0.09666	0.074632	0.0895082	0.0839882	0.0740602	0.0901741	0.0847969	0.0743602	0.0732937	0.0833048	0.0979195	0.0805458	0.0951086	0.0926728	0.0884661	0.0947355	0.0877654	0.0916584	0.0828672	0.0953	0.070197	0.0842101	0.0860035	0.103905	0.0904447	0.0956904	0.0960484	0.0943917	0.0909044
0.0749331	0.0745724	0.0737376	0.0682785	0.0711651	0.0747447	0.0718644	0.0758847	0.0689063	0.0696053	0.0771958	0.0776883	0.0792067	0.0809513	0.0734375	0.0798312	0.0802828	0.0758716	0.0839441	0.0821238	0.0873529	0.0864575	0.0831491	0.0819781	0.0881267	0.0829126	0.0944592	0.0865384	0.0885952	0.0840699	0.0988559	0.0973097	0.0816115	0.0954755	0.0886441	0.0970382	0.0836363	0.0938597	0.0845217	0.0852293	0.0941545	0.0912122	0.0775649	0.108026	0.102213	0.0718338	0.085254	0.0925657	0.100531	0.0914148	0.0791289
0.074298	0.0729112	0.073397	0.0737408	0.0679031	0.0702053	0.0690854	0.0702579	0.0724149	0.0679054	0.0750483	0.0722661	0.0753078	0.0763919	0.0777123	0.0913997	0.0970449	0.074584	0.0848744	0.0747616	0.0835681	0.0813737	0.0733599	0.0831413	0.0862365	0.0681857	0.0815716	0.0983903	0.0790608	0.0742748	0.0792374	0.0882009	0.0954351	0.0908376	0.0822107	0.096668	0.100555	0.0818715	0.101397	0.0831984	0.0867284	0.0768704	0.0831763	0.093964	0.0850059	0.0986374	0.112266	0.0974863	0.102946	0.0728706	0.0887008
0.0724439	0.069793	0.0726372	0.0692609	0.0723716	0.0690909	0.0696267	0.0758095	0.0696578	0.0747377	0.0722056	0.0874707	0.0800811	0.0715481	0.0722798	0.0794847	0.0758446	0.0768684	0.0833912	0.0855973	0.0676966	0.0937208	0.0757632	0.0909004	0.072061	0.0833496	0.0814802	0.0917714	0.0780053	0.0833866	0.0842357	0.0903784	0.0896797	0.0924334	0.0856488	0.0824447	0.0769232	0.0846917	0.0937935	0.0892102	0.0770096	0.0913469	0.0908862	0.0877832	0.0883879	0.0848098	0.0845154	0.0896425	0.0962546	0.0902722	0.0929278
0.0708324	0.0723042	0.0718719	0.076004	0.081131	0.0716688	0.0693153	0.0761816	0.0698823	0.0737325	0.072755	0.0790702	0.079793	0.0677113	0.0725394	0.0724949	0.0760096	0.0809665	0.0877888	0.0802318	0.0750273	0.0837772	0.0720438	0.0888808	0.0739096	0.0927939	0.084383	0.0747864	0.084845	0.0859334	0.0821621	0.068332	0.0699396	0.071533	0.0724201	0.0797519	0.0921894	0.0852095	0.081611	0.090773	0.101785	0.0938357	0.0807782	0.0775504	0.102522	0.1035	0.1014	0.0896865	0.0922509	0.0787209	0.0826684
0.0868247	0.0791824	0.0728381	0.0791024	0.0756428	0.0661785	0.077627	0.0740611	0.0802937	0.0772395	0.0745188	0.0687535	0.0719934	0.0736099	0.0885971	0.0798615	0.0850672	0.0696355	0.080483	0.0744735	0.0789451	0.102374	0.0832662	0.0846113	0.0636639	0.097558	0.0751493	0.0657703	0.0802756	0.0686589	0.0906967	0.0889014	0.0879264	0.0815576	0.0787633	0.0802429	0.107379	0.0966125	0.0785066	0.0962722	0.0674521	0.0926384	0.0719951	0.0914943	0.0821772	0.0929006	0.0933933	0.0862461	0.0768762	0.0747544	0.0890915
0.0831467	0.0806838	0.0785512	0.0880181	0.0799392	0.078663	0.0693208	0.0713059	0.0753893	0.0754414	0.0775411	0.0701581	0.0764744	0.0645916	0.0846271	0.0788536	0.0837504	0.0707167	0.0812055	0.0888742	0.0794629	0.0940452	0.0881545	0.0709721	0.0732389	0.0690164	0.0844177	0.0855723	0.0778233	0.0966849	0.0821402	0.0832213	0.0843406	0.0916865	0.0871242	0.0819794	0.0771949	0.0836404	0.082699	0.0708793	0.0811821	0.074169	0.0808961	0.0788585	0.0848171	0.0946346	0.100282	0.0794239	0.106057	0.085467	0.0970309
0.0804727	0.0817491	0.0813025	0.078467	0.0881839	0.0772753	0.0737273	0.0793282	0.0864677	0.0823332	0.0781586	0.0827499	0.0819833	0.0802876	0.0731157	0.0753009	0.0814827	0.0690616	0.079887	0.0747835	0.0647915	0.0705239	0.0733738	0.0859418	0.0879144	0.0856123	0.087498	0.0822273	0.0963014	0.0815566	0.0896729	0.0829031	0.0955816	0.0880572	0.0981705	0.0707961	0.0848384	0.103103	0.0737751	0.0962637	0.0971973	0.092338	0.0874695	0.0884571	0.0698465	0.0947935	0.110258	0.0884719	0.0982684	0.0758067	0.0889
0.0781134	0.0807889	0.0861403	0.0886986	0.0828361	0.0845452	0.0863392	0.0846793	0.0824929	0.0825638	0.0854343	0.0799055	0.073758	0.0730252	0.0783075	0.0771504	0.0834141	0.088382	0.0956784	0.0916859	0.0772884	0.0891193	0.0786043	0.0746798	0.0717734	0.0807902	0.0845017	0.0861218	0.0810874	0.0819272	0.0868178	0.0789469	0.0969589	0.0950076	0.0797977	0.0779291	0.0749964	0.0836723	0.0795534	0.0858748	0.0552212	0.0805398	0.0711111	0.105745	0.0914421	0.0752002	0.112306	0.113647	0.0880381	0.079906	0.0919144
0.0972049	0.0933565	0.0854518	0.0940008	0.0865076	0.0904423	0.0895278	0.0819802	0.0799696	0.0775403	0.0822262	0.0835078	0.0866383	0.0775311	0.0756084	0.0810612	0.0782847	0.0834276	0.0762415	0.0733713	0.0862905	0.0870461	0.0953389	0.0724527	0.0777026	0.0666587	0.0709599	0.0917787	0.0738036	0.0955278	0.0690795	0.0897858	0.0815601	0.0775851	0.0740965	0.0924908	0.0731581	0.0791632	0.0839145	0.0777156	0.0865001	0.0794008	0.0859473	0.0752233	0.0778195	0.058344	0.0728124	0.0951368	0.0855781	0.0913372	0.0885114
0.0962718	0.094617	0.0991543	0.0912342	0.0771362	0.0937855	0.0884161	0.084607	0.0827208	0.0762369	0.088045	0.0755334	0.076248	0.0726088	0.0774105	0.0841626	0.0833617	0.0791889	0.0831291	0.0755966	0.071197	0.0755876	0.0747438	0.0773412	0.0817364	0.0939061	0.0812461	0.0823995	0.0957817	0.0742907	0.07524	0.0858931	0.0736502	0.0785212	0.0987638	0.0984773	0.0926961	0.0983676	0.110893	0.0595794	0.0862977	0.0781556	0.0909669	0.0921311	0.0860429	0.0899009	0.0822247	0.0782363	0.0523537	0.0771392	0.0773934
0.0952157	0.0978859	0.0968805	0.0939501	0.0806441	0.0960431	0.0918603	0.0842335	0.0843536	0.0827094	0.081325	0.0751839	0.071438	0.0776239	0.079204	0.073086	0.0845037	0.0762798	0.0818914	0.0753422	0.0690686	0.0844776	0.0806631	0.0753016	0.0803887	0.0743792	0.0949864	0.0818897	0.0880494	0.0646666	0.0727843	0.0804037	0.0928611	0.0935435	0.0725707	0.0837906	0.0935362	0.064986	0.0940184	0.0792633	0.0773707	0.0816318	0.0742701	0.0638893	0.0758839	0.0925352	0.101361	0.104814	0.106509	0.0973222	0.0945279
0.0942102	0.0955439	0.0882084	0.0903411	0.0914047	0.0903788	0.0821677	0.0758973	0.0909121	0.0808728	0.0890968	0.0858127	0.0810289	0.0734166	0.0728877	0.0693839	0.0784527	0.0751785	0.068845	0.0874886	0.0734671	0.0843531	0.0659495	0.0726441	0.0703249	0.0724302	0.097526	0.0707594	0.0664731	0.0583432	0.0813185	0.0801247	0.0650592	0.0897409	0.0721272	0.078176	0.0709128	0.0916596	0.100475	0.09963	0.0669698	0.0803507	0.0931367	0.0737427	0.102744	0.103055	0.0920162	0.0912298	0.081135	0.0816156	0.0787491
0.0931401	0.0930345	0.0925125	0.0917804	0.0958455	0.0848768	0.0747162	0.076413	0.0818928	0.0744112	0.0768858	0.0713714	0.0749896	0.078635	0.0658843	0.0669799	0.0751408	0.0703083	0.0689679	0.0782601	0.0702009	0.0641458	0.0836806	0.0747598	0.0751189	0.07571	0.0837575	0.0852543	0.0683686	0.0925841	0.0728944	0.0816037	0.0769659	0.0893774	0.0889961	0.0578462	0.0731971	0.0816574	0.112208	0.0904598	0.0973756	0.0881832	0.0771292	0.100381	0.0982837	0.105042	0.10139	0.0851151	0.0753341	0.0889965	0.0827333
0.0922409	0.0896288	0.089299	0.0915457	0.0899572	0.0878374	0.0811226	0.0793528	0.0796145	0.0871936	0.0779299	0.0689703	0.0755093	0.0812911	0.0729663	0.0798902	0.087482	0.0636489	0.0652275	0.067899	0.0724666	0.0747902	0.0731177	0.0795035	0.0770575	0.0749564	0.07214	0.0843959	0.062309	0.104932	0.0759115	0.0907065	0.0839333	0.0904009	0.0623981	0.0591819	0.0859875	0.0705042	0.0676985	0.075424	0.0697006	0.0905992	0.0974592	0.0643033	0.0869163	0.0955824	0.0692515	0.099132	0.082757	0.105436	0.0672692
0.0914453	0.0934639	0.086638	0.0868557	0.0847592	0.0811816	0.0889913	0.0725508	0.0851735	0.0682443	0.0653566	0.0705375	0.0733887	0.069925	0.060484	0.0709296	0.0737559	0.0712136	0.0687007	0.074284	0.0772286	0.0673716	0.0735984	0.0682208	0.0797616	0.070315	0.0763247	0.0801434	0.0694291	0.0632778	0.0745194	0.0782451	0.0805582	0.0582006	0.082347	0.0834591	0.0773113	0.074533	0.0992692	0.104696	0.0826082	0.09075	0.0933749	0.102627	0.0785352	0.0845189	0.0863695	0.0911891	0.0894056	0.0794032	0.0987339
0.0907107	0.0894051	0.0836346	0.0789662	0.0804562	0.0801333	0.0758577	0.0757656	0.0616422	0.0673283	0.0725713	0.0648072	0.0755659	0.0760753	0.0661349	0.0707579	0.0584722	0.0789011	0.0553076	0.067127	0.0692565	0.0717733	0.0605506	0.0682758	0.0764361	0.0593064	0.0780562	0.0720961	0.0732735	0.0742507	0.0697254	0.0741479	0.0716269	0.0745622	0.0730109	0.0746067	0.089098	0.087351	0.0935882	0.0834026	0.0745514	0.0846161	0.0911391	0.0936869	0.0657129	0.077242	0.0764595	0.0985476	0.0930169	0.0826	0.0754512
0.0778498	0.0790774	0.0766513	0.0698948	0.0777742	0.0795861	0.0631052	0.0646507	0.0609552	0.066598	0.0637496	0.0668661	0.0637082	0.0690539	0.0636123	0.0597173	0.0677788	0.0602211	0.0535998	0.073279	0.0655179	0.0531064	0.071737	0.0757919	0.0709125	0.0641819	0.0605094	0.0722201	0.0873439	0.0885062	0.0675197	0.0771595	0.0798855	0.0824727	0.0785638	0.06532	0.0823142	0.0896967	0.0699642	0.0686894	0.0809337	0.0961637	0.0912882	0.0852059	0.0816281	0.0864476	0.119801	0.0796778	0.108393	0.0833545	0.103373
0.061609	0.064969	0.0733288	0.074521	0.0767335	0.0631478	0.0709141	0.0580002	0.0615286	0.0602115	0.0612484	0.0579142	0.0582994	0.0706984	0.057221	0.0687717	0.0688772	0.0658783	0.0719014	0.0580179	0.0616713	0.0598825	0.0681284	0.0583701	0.064859	0.08128	0.0639793	0.0703834	0.0685817	0.0733406	0.0707883	0.0943191	0.0778274	0.0870885	0.0872097	0.0753955	0.0680142	0.0816681	0.074774	0.0677345	0.066091	0.0779587	0.0922971	0.0903966	0.107296	0.100984	0.0839116	0.0718707	0.0785429	0.100003	0.0916761
0.0620592	0.0629865	0.0676077	0.056454	0.065754	0.0643209	0.0626552	0.05244	0.0607776	0.0537465	0.0545333	0.0530322	0.0624117	0.0665052	0.0675783	0.0757068	0.0645751	0.066396	0.0677421	0.0623152	0.0617837	0.0532374	0.0725273	0.0777322	0.060786	0.0781083	0.0597132	0.0598224	0.0809442	0.0616008	0.0647251	0.0706937	0.0913208	0.0714877	0.0791141	0.0846725	0.0954384	0.0939199	0.0876412	0.0820529	0.0894394	0.0732779	0.106804	0.106232	0.101578	0.0903497	0.0875102	0.106059	0.0921727	0.0724315	0.0880868
0.0622754	0.0577537	0.0538748	0.0612195	0.0559862	0.0564185	0.0393659	0.0502598	0.0581081	0.0530838	0.0545737	0.0655171	0.0608921	0.0599596	0.048999	0.049662	0.0591679	0.065165	0.0673484	0.0863514	0.0637538	0.0678644	0.0593799	0.0590119	0.0729921	0.0833227	0.0668047	0.0772486	0.0590378	0.0894565	0.0886873	0.0718587	0.0601961	0.064212	0.0783694	0.0737607	0.0903261	0.0704216	0.0693776	0.096228	0.0888509	0.075932	0.126963	0.0836574	0.0822921	0.0673769	0.0995191	0.115477	0.0897676	0.0890603	0.102498
0.0625158	0.0563722	0.0399823	0.0507146	0.0563848	0.0497517	0.0530638	0.0454379	0.0450509	0.0489584	0.0625772	0.0568206	0.0549525	0.0493969	0.0664826	0.0454309	0.0593579	0.0649374	0.0624867	0.0633711	0.0645544	0.0661412	0.0619871	0.069433	0.0594811	0.0597861	0.0541235	0.0661523	0.0980873	0.0815039	0.0884607	0.0693622	0.0723411	0.0735223	0.067332	0.0969753	0.0901838	0.0869215	0.0750214	0.0861641	0.0826855	0.0841721	0.0872718	0.0829225	0.0845222	0.0900608	0.0830183	0.0841622	0.0863306	0.0797259	0.0542147
0.015445	0.0352805	0.0445043	0.0483765	0.0377347	0.0427967	0.0434977	0.0452738	0.0474993	0.0520179	0.0424401	0.0439355	0.067303	0.0587054	0.0591169	0.0480979	0.0640768	0.0567653	0.0546288	0.0591088	0.0640942	0.0735201	0.0670636	0.0719868	0.0653864	0.0688027	0.0658716	0.0811901	0.0663372	0.076399	0.0880113	0.0840518	0.0800044	0.0655841	0.0706387	0.074243	0.0918271	0.0802355	0.0824019	0.0682569	0.0846651	0.0783945	0.0968577	0.0774271	0.0781958	0.103432	0.0740772	0.0957236	0.088465	0.100897	0.111211
0.0178318	0.0205721	0.0267311	0.0345024	0.0404468	0.0366217	0.0332204	0.0528019	0.041574	0.0454614	0.0579047	0.052273	0.0577941	0.0479866	0.0641095	0.0531768	0.0525179	0.0511827	0.0670321	0.0527802	0.0597276	0.0626159	0.0555569	0.0686451	0.0765355	0.0850561	0.0727032	0.0750963	0.0714892	0.0754367	0.0649536	0.0838625	0.0765148	0.0833894	0.0792405	0.085683	0.071391	0.0765479	0.0577603	0.0862865	0.0713831	0.0670001	0.0588776	0.0766752	0.0770051	0.0700519	0.0777941	0.0982052	0.0922497	0.077935	0.0854319
0.0194082	0.0241742	0.0295941	0.0274965	0.0361449	0.0371653	0.0358936	0.0323902	0.0345787	0.0467759	0.0506525	0.0511175	0.0519482	0.0521252	0.0463177	0.0497746	0.0603299	0.0642814	0.054418	0.0528147	0.0787022	0.0482087	0.0851708	0.0582209	0.0933225	0.048457	0.0775368	0.0776709	0.0865857	0.0855663	0.0849459	0.0755617	0.0892703	0.0706726	0.0717678	0.0857264	0.0778208	0.0658518	0.0898949	0.0705155	0.0576116	0.0802532	0.0875836	0.0690569	0.105431	0.0987776	0.104158	0.0740886	0.119619	0.0674393	0.0808839
0.0206958	0.0207883	0.024044	0.0269427	0.033096	0.0359065	0.0339407	0.0446036	0.0443271	0.0425875	0.0471825	0.055144	0.0548378	0.0483205	0.0529214	0.0517107	0.0529801	0.053769	0.0623202	0.0729233	0.0565587	0.0626435	0.0624369	0.0569928	0.0504841	0.0708442	0.0562499	0.0632054	0.0599855	0.0774221	0.0681429	0.0598385	0.0921714	0.0779465	0.0793153	0.0745734	0.0866944	0.0904549	0.0906744	0.116114	0.0901606	0.0793672	0.0728222	0.0868772	0.0997221	0.078895	0.132931	0.0820364	0.0862459	0.0859379	0.0779023
0.021825	0.0216933	0.0242102	0.0308942	0.0330283	0.037999	0.0306783	0.0368862	0.0422707	0.0444354	0.0390517	0.0525113	0.0440452	0.048386	0.0689119	0.0521556	0.0561893	0.0360106	0.0683762	0.064767	0.0690161	0.0712303	0.0753981	0.068757	0.0689131	0.0654847	0.0744667	0.0707747	0.0802981	0.0651702	0.058006	0.0884214	0.0867972	0.0878388	0.0806442	0.0773372	0.0768865	0.0913324	0.0612348	0.0805322	0.0681655	0.107429	0.0870711	0.105511	0.0798197	0.0955739	0.0817069	0.0697079	0.0784016	0.0684686	0.0864477
0.0229332	0.0235251	0.0220977	0.0283127	0.0222125	0.0299743	0.0327125	0.0410952	0.0336539	0.0454876	0.0439527	0.044591	0.0499907	0.0577071	0.0512443	0.0578185	0.0502462	0.0632185	0.0647563	0.0565597	0.0679974	0.0591216	0.0710907	0.0647932	0.0707192	0.0717343	0.0616127	0.0805452	0.0751997	0.0645458	0.0488819	0.0751877	0.0917788	0.0876715	0.0878842	0.0954435	0.0748183	0.0635915	0.0555471	0.0826493	0.0615007	0.073467	0.109337	0.0791469	0.101539	0.0529438	0.0907958	0.0952776	0.0931884	0.0902363	0.117918
