0.0807463
0.0804287
0.149431
0.134661
0.12472
0.139452
0.146953
0.145733
0.13297
0.109701
0.0915604
0.0856089
0.0906574
0.0790967
0.0856268
0.0779485
0.0705657
0.0835131
0.0754089
0.0797832
0.0731702
0.0916866
0.0758056
0.0861705
0.0722657
0.0710416
0.0740783
0.074208
0.0609033
0.0542141
0.0638605
0.0625013
0.0627067
0.0598359
0.0685146
0.0624724
0.0586182
0.0579994
0.0788073
0.0465974
0.0622387
0.0716143
0.0620215
0.0672306
0.0689505
0.0814235
0.0588991
0.0530163
0.0746966
0.0413686
0.0709158
