0.0807456
0.0809631
0.0962973
0.137557
0.140678
0.14174
0.124103
0.120609
0.0951654
0.108111
0.124787
0.174779
0.201816
0.218169
0.227875
0.233629
0.223748
0.216701
0.196709
0.179394
0.16246
0.17899
0.183691
0.184065
0.192329
0.193883
0.201685
0.207642
0.209748
0.212262
0.211015
0.227951
0.227144
0.230561
0.230724
0.240987
0.241951
0.243679
0.247615
0.254423
0.252488
0.261685
0.260811
0.264326
0.264512
0.274845
0.268758
0.281866
0.276852
0.284447
0.28903
