0.0807475
0.0821203
0.147556
0.172683
0.16134
0.158584
0.142862
0.170369
0.0984945
0.0964756
0.131127
0.14594
0.137661
0.158261
0.168483
0.174129
0.167648
0.185639
0.19004
0.162844
0.136453
0.157235
0.135367
0.207426
0.18249
0.180183
0.226191
0.169429
0.160815
0.180091
0.195362
0.201197
0.220035
0.169843
0.182875
0.197764
0.161523
0.200375
0.243412
0.19256
0.265699
0.173036
0.246601
0.245649
0.251067
0.225084
0.222521
0.308576
0.197959
0.247519
0.230379
